This is cutadapt 1.18 with Python 2.7.17
Command line parameters: -a AGATCGGAAGAGCACACGTCTGAACTCCAGTCA -A AGATCGGAAGAGCGTCGTGTAGGGAAAGAGTGT -o ../trimmed-fastq/CD24Mid-1-R1-trim.fastq.gz -p ../trimmed-fastq/CD24Mid-1-R2-trim.fastq.gz CD24Mid-1-R1.fastq.gz CD24Mid-1-R2.fastq.gz
Processing reads on 1 core in paired-end mode ...
Finished in 152.49 s (80 us/read; 0.75 M reads/minute).

=== Summary ===

Total read pairs processed:          1,909,188
  Read 1 with adapter:                  73,605 (3.9%)
  Read 2 with adapter:                  71,308 (3.7%)
Pairs written (passing filters):     1,909,188 (100.0%)

Total basepairs processed:   381,837,600 bp
  Read 1:   190,918,800 bp
  Read 2:   190,918,800 bp
Total written (filtered):    381,096,257 bp (99.8%)
  Read 1:   190,539,223 bp
  Read 2:   190,557,034 bp

=== First read: Adapter 1 ===

Sequence: AGATCGGAAGAGCACACGTCTGAACTCCAGTCA; Type: regular 3'; Length: 33; Trimmed: 73605 times.

No. of allowed errors:
0-9 bp: 0; 10-19 bp: 1; 20-29 bp: 2; 30-33 bp: 3

Bases preceding removed adapters:
  A: 28.9%
  C: 31.3%
  G: 29.1%
  T: 10.7%
  none/other: 0.1%

Overview of removed sequences
length	count	expect	max.err	error counts
3	41870	29831.1	0	41870
4	10913	7457.8	0	10913
5	5221	1864.4	0	5221
6	2490	466.1	0	2490
7	1915	116.5	0	1915
8	1675	29.1	0	1675
9	1451	7.3	0	1399 52
10	1472	1.8	1	1297 175
11	1180	0.5	1	1003 177
12	946	0.1	1	845 101
13	834	0.0	1	740 94
14	661	0.0	1	599 62
15	497	0.0	1	446 51
16	457	0.0	1	396 61
17	370	0.0	1	328 42
18	276	0.0	1	245 31
19	192	0.0	1	152 33 7
20	157	0.0	2	131 17 9
21	133	0.0	2	107 22 4
22	72	0.0	2	58 10 4
23	70	0.0	2	57 8 5
24	77	0.0	2	63 9 5
25	79	0.0	2	63 9 7
26	61	0.0	2	49 9 3
27	33	0.0	2	27 5 1
28	10	0.0	2	7 2 1
29	28	0.0	2	18 4 4 2
30	25	0.0	3	18 4 2 1
31	18	0.0	3	11 6 1
32	8	0.0	3	3 2 3
33	14	0.0	3	11 3
34	25	0.0	3	20 4 1
35	46	0.0	3	37 5 4
36	14	0.0	3	11 1 0 2
37	13	0.0	3	10 2 0 1
38	9	0.0	3	8 1
39	15	0.0	3	12 1 0 2
40	13	0.0	3	11 2
41	26	0.0	3	19 2 2 3
42	14	0.0	3	11 2 0 1
43	11	0.0	3	6 4 0 1
44	9	0.0	3	7 1 0 1
45	9	0.0	3	7 1 0 1
46	7	0.0	3	3 1 2 1
47	5	0.0	3	3 2
48	8	0.0	3	7 0 0 1
49	4	0.0	3	3 1
50	4	0.0	3	3 1
51	4	0.0	3	3 1
52	5	0.0	3	1 3 0 1
53	4	0.0	3	2 1 0 1
54	3	0.0	3	1 0 0 2
55	4	0.0	3	4
56	5	0.0	3	4 1
57	2	0.0	3	1 0 0 1
58	6	0.0	3	4 2
59	3	0.0	3	1 2
60	5	0.0	3	2 0 2 1
61	2	0.0	3	1 1
62	1	0.0	3	0 1
64	2	0.0	3	1 0 0 1
65	3	0.0	3	2 0 1
66	2	0.0	3	2
67	3	0.0	3	1 0 1 1
68	1	0.0	3	0 0 0 1
69	3	0.0	3	2 0 1
70	5	0.0	3	3 2
71	6	0.0	3	4 1 1
72	4	0.0	3	4
73	3	0.0	3	2 0 0 1
74	5	0.0	3	4 1
75	3	0.0	3	3
76	4	0.0	3	3 0 1
77	9	0.0	3	7 1 1
78	4	0.0	3	3 0 1
79	6	0.0	3	5 0 0 1
80	6	0.0	3	2 2 1 1
81	7	0.0	3	5 1 0 1
83	1	0.0	3	1
100	47	0.0	3	0 35 9 3

=== Second read: Adapter 2 ===

Sequence: AGATCGGAAGAGCGTCGTGTAGGGAAAGAGTGT; Type: regular 3'; Length: 33; Trimmed: 71308 times.

No. of allowed errors:
0-9 bp: 0; 10-19 bp: 1; 20-29 bp: 2; 30-33 bp: 3

Bases preceding removed adapters:
  A: 29.0%
  C: 31.1%
  G: 28.9%
  T: 10.9%
  none/other: 0.0%

Overview of removed sequences
length	count	expect	max.err	error counts
3	41200	29831.1	0	41200
4	10251	7457.8	0	10251
5	4871	1864.4	0	4871
6	2383	466.1	0	2383
7	1861	116.5	0	1861
8	1626	29.1	0	1626
9	1404	7.3	0	1341 63
10	1404	1.8	1	1206 198
11	1112	0.5	1	912 200
12	921	0.1	1	812 109
13	810	0.0	1	681 129
14	656	0.0	1	582 74
15	486	0.0	1	393 93
16	419	0.0	1	371 48
17	359	0.0	1	314 45
18	266	0.0	1	207 59
19	179	0.0	1	150 28 1
20	149	0.0	2	113 19 17
21	125	0.0	2	87 23 15
22	70	0.0	2	49 15 6
23	62	0.0	2	44 11 7
24	78	0.0	2	53 20 5
25	73	0.0	2	54 10 9
26	59	0.0	2	43 12 4
27	37	0.0	2	22 12 3
28	11	0.0	2	7 3 1
29	32	0.0	2	16 11 3 2
30	28	0.0	3	16 8 1 3
31	19	0.0	3	5 8 4 2
32	7	0.0	3	4 3
33	14	0.0	3	6 4 4
34	25	0.0	3	15 4 5 1
35	44	0.0	3	25 12 5 2
36	14	0.0	3	10 1 3
37	10	0.0	3	3 7
38	9	0.0	3	4 5
39	18	0.0	3	11 3 4
40	12	0.0	3	8 2 2
41	27	0.0	3	15 7 2 3
42	14	0.0	3	8 5 1
43	10	0.0	3	7 2 1
44	7	0.0	3	3 1 1 2
45	10	0.0	3	7 3
46	6	0.0	3	3 1 0 2
47	4	0.0	3	3 1
48	8	0.0	3	5 2 0 1
49	5	0.0	3	4 1
50	4	0.0	3	1 3
51	4	0.0	3	1 2 1
52	4	0.0	3	2 0 1 1
53	7	0.0	3	3 3 1
54	4	0.0	3	2 2
55	6	0.0	3	4 1 1
56	3	0.0	3	2 1
57	1	0.0	3	1
58	6	0.0	3	4 2
59	6	0.0	3	3 2 1
60	2	0.0	3	2
61	3	0.0	3	3
62	2	0.0	3	1 1
64	2	0.0	3	2
66	1	0.0	3	1
67	2	0.0	3	1 0 1
68	1	0.0	3	0 1
69	3	0.0	3	0 2 0 1
70	4	0.0	3	2 2
71	4	0.0	3	3 1
72	3	0.0	3	2 0 0 1
73	1	0.0	3	1
74	4	0.0	3	2 1 1
75	2	0.0	3	1 0 1
76	3	0.0	3	3
77	8	0.0	3	5 2 0 1
78	4	0.0	3	4
79	2	0.0	3	2
80	4	0.0	3	1 3
81	5	0.0	3	5
83	1	0.0	3	1
91	1	0.0	3	0 1
100	6	0.0	3	0 1 3 2

