This is cutadapt 1.18 with Python 2.7.17
Command line parameters: -a AGATCGGAAGAGCACACGTCTGAACTCCAGTCA -A AGATCGGAAGAGCGTCGTGTAGGGAAAGAGTGT -o ../trimmed-fastq/CD24Mid-5-R1-trim.fastq.gz -p ../trimmed-fastq/CD24Mid-5-R2-trim.fastq.gz CD24Mid-5-R1.fastq.gz CD24Mid-5-R2.fastq.gz
Processing reads on 1 core in paired-end mode ...
Finished in 169.69 s (84 us/read; 0.72 M reads/minute).

=== Summary ===

Total read pairs processed:          2,031,147
  Read 1 with adapter:                  80,444 (4.0%)
  Read 2 with adapter:                  77,755 (3.8%)
Pairs written (passing filters):     2,031,147 (100.0%)

Total basepairs processed:   406,229,400 bp
  Read 1:   203,114,700 bp
  Read 2:   203,114,700 bp
Total written (filtered):    405,413,434 bp (99.8%)
  Read 1:   202,696,584 bp
  Read 2:   202,716,850 bp

=== First read: Adapter 1 ===

Sequence: AGATCGGAAGAGCACACGTCTGAACTCCAGTCA; Type: regular 3'; Length: 33; Trimmed: 80444 times.

No. of allowed errors:
0-9 bp: 0; 10-19 bp: 1; 20-29 bp: 2; 30-33 bp: 3

Bases preceding removed adapters:
  A: 29.7%
  C: 30.7%
  G: 28.4%
  T: 11.1%
  none/other: 0.1%

Overview of removed sequences
length	count	expect	max.err	error counts
3	45203	31736.7	0	45203
4	12042	7934.2	0	12042
5	5602	1983.5	0	5602
6	2908	495.9	0	2908
7	2279	124.0	0	2279
8	2000	31.0	0	2000
9	1647	7.7	0	1581 66
10	1553	1.9	1	1339 214
11	1235	0.5	1	1101 134
12	1045	0.1	1	960 85
13	883	0.0	1	783 100
14	813	0.0	1	726 87
15	649	0.0	1	559 90
16	559	0.0	1	485 74
17	446	0.0	1	397 49
18	276	0.0	1	232 42 2
19	135	0.0	1	110 22 3
20	86	0.0	2	62 18 6
21	135	0.0	2	111 20 4
22	102	0.0	2	84 17 1
23	62	0.0	2	48 8 6
24	51	0.0	2	39 10 2
25	37	0.0	2	23 11 3
26	66	0.0	2	53 7 6
27	69	0.0	2	60 6 3
28	27	0.0	2	21 5 1
29	24	0.0	2	16 5 3
30	12	0.0	3	8 2 1 1
31	8	0.0	3	7 1
32	11	0.0	3	6 1 2 2
33	21	0.0	3	17 3 1
34	24	0.0	3	18 3 2 1
35	39	0.0	3	28 6 2 3
36	13	0.0	3	8 3 1 1
37	12	0.0	3	10 0 1 1
38	13	0.0	3	10 3
39	22	0.0	3	17 2 3
40	14	0.0	3	9 4 1
41	16	0.0	3	13 2 0 1
42	7	0.0	3	6 1
43	16	0.0	3	10 2 1 3
44	9	0.0	3	6 2 0 1
45	9	0.0	3	6 3
46	11	0.0	3	4 6 1
47	3	0.0	3	1 1 0 1
48	5	0.0	3	4 1
49	7	0.0	3	5 2
50	5	0.0	3	3 1 0 1
51	3	0.0	3	2 0 1
52	5	0.0	3	3 1 0 1
53	5	0.0	3	5
54	2	0.0	3	2
55	4	0.0	3	2 1 0 1
56	2	0.0	3	2
57	2	0.0	3	2
58	1	0.0	3	0 1
59	5	0.0	3	5
60	4	0.0	3	4
61	3	0.0	3	2 1
62	3	0.0	3	2 0 1
63	4	0.0	3	3 1
64	6	0.0	3	5 1
65	7	0.0	3	4 2 1
66	3	0.0	3	1 0 1 1
67	3	0.0	3	2 0 0 1
68	4	0.0	3	4
69	6	0.0	3	3 1 1 1
70	6	0.0	3	4 0 0 2
71	8	0.0	3	7 1
72	10	0.0	3	5 2 1 2
73	10	0.0	3	5 3 1 1
74	6	0.0	3	5 0 1
75	7	0.0	3	3 1 2 1
76	11	0.0	3	9 2
77	4	0.0	3	3 1
78	13	0.0	3	9 1 2 1
79	7	0.0	3	6 0 0 1
80	18	0.0	3	13 3 1 1
81	8	0.0	3	6 2
82	1	0.0	3	0 0 0 1
83	1	0.0	3	1
84	1	0.0	3	1
88	1	0.0	3	0 0 0 1
100	49	0.0	3	6 32 6 5

=== Second read: Adapter 2 ===

Sequence: AGATCGGAAGAGCGTCGTGTAGGGAAAGAGTGT; Type: regular 3'; Length: 33; Trimmed: 77755 times.

No. of allowed errors:
0-9 bp: 0; 10-19 bp: 1; 20-29 bp: 2; 30-33 bp: 3

Bases preceding removed adapters:
  A: 29.5%
  C: 30.5%
  G: 28.6%
  T: 11.4%
  none/other: 0.0%

Overview of removed sequences
length	count	expect	max.err	error counts
3	44378	31736.7	0	44378
4	11233	7934.2	0	11233
5	5332	1983.5	0	5332
6	2766	495.9	0	2766
7	2171	124.0	0	2171
8	1883	31.0	0	1883
9	1612	7.7	0	1540 72
10	1487	1.9	1	1284 203
11	1187	0.5	1	1007 180
12	1013	0.1	1	918 95
13	845	0.0	1	732 113
14	784	0.0	1	698 86
15	622	0.0	1	507 115
16	543	0.0	1	475 68
17	440	0.0	1	385 55
18	251	0.0	1	191 59 1
19	134	0.0	1	115 17 2
20	81	0.0	2	62 11 8
21	126	0.0	2	91 26 9
22	94	0.0	2	70 20 4
23	60	0.0	2	39 15 6
24	52	0.0	2	40 7 5
25	33	0.0	2	24 9
26	64	0.0	2	48 12 4
27	70	0.0	2	50 13 6 1
28	26	0.0	2	20 4 1 1
29	22	0.0	2	13 3 5 1
30	12	0.0	3	6 2 2 2
31	8	0.0	3	1 4 2 1
32	13	0.0	3	7 5 1
33	20	0.0	3	8 7 3 2
34	23	0.0	3	12 7 3 1
35	39	0.0	3	32 6 1
36	12	0.0	3	7 2 2 1
37	13	0.0	3	8 4 1
38	13	0.0	3	10 3
39	21	0.0	3	14 7
40	12	0.0	3	5 5 1 1
41	14	0.0	3	10 3 0 1
42	7	0.0	3	5 1 0 1
43	12	0.0	3	7 2 2 1
44	7	0.0	3	6 1
45	11	0.0	3	7 2 1 1
46	11	0.0	3	10 0 1
47	2	0.0	3	0 2
48	6	0.0	3	3 2 1
49	10	0.0	3	7 2 1
50	4	0.0	3	3 1
51	4	0.0	3	3 1
52	5	0.0	3	3 0 0 2
53	9	0.0	3	6 2 1
54	3	0.0	3	1 2
55	5	0.0	3	5
56	2	0.0	3	2
57	3	0.0	3	2 1
58	2	0.0	3	1 0 0 1
59	4	0.0	3	2 0 1 1
60	5	0.0	3	2 2 1
61	3	0.0	3	2 0 1
62	4	0.0	3	3 1
63	2	0.0	3	2
64	7	0.0	3	2 5
65	8	0.0	3	3 3 0 2
66	2	0.0	3	1 0 1
67	5	0.0	3	2 2 0 1
68	5	0.0	3	2 2 1
69	5	0.0	3	5
70	3	0.0	3	3
71	7	0.0	3	6 1
72	3	0.0	3	2 1
73	9	0.0	3	6 1 0 2
74	7	0.0	3	4 2 1
75	9	0.0	3	7 0 1 1
76	13	0.0	3	12 1
77	4	0.0	3	4
78	9	0.0	3	6 2 0 1
79	4	0.0	3	4
80	14	0.0	3	7 6 1
81	7	0.0	3	4 1 1 1
88	1	0.0	3	1
92	1	0.0	3	0 1
100	2	0.0	3	0 1 1

