This is cutadapt 1.18 with Python 2.7.17
Command line parameters: -a AGATCGGAAGAGCACACGTCTGAACTCCAGTCA -A AGATCGGAAGAGCGTCGTGTAGGGAAAGAGTGT -o ../trimmed-fastq/CD24Neg-4-R1-trim.fastq.gz -p ../trimmed-fastq/CD24Neg-4-R2-trim.fastq.gz CD24Neg-4-R1.fastq.gz CD24Neg-4-R2.fastq.gz
Processing reads on 1 core in paired-end mode ...
Finished in 84.93 s (81 us/read; 0.74 M reads/minute).

=== Summary ===

Total read pairs processed:          1,051,418
  Read 1 with adapter:                  40,614 (3.9%)
  Read 2 with adapter:                  38,761 (3.7%)
Pairs written (passing filters):     1,051,418 (100.0%)

Total basepairs processed:   210,283,600 bp
  Read 1:   105,141,800 bp
  Read 2:   105,141,800 bp
Total written (filtered):    209,839,872 bp (99.8%)
  Read 1:   104,912,774 bp
  Read 2:   104,927,098 bp

=== First read: Adapter 1 ===

Sequence: AGATCGGAAGAGCACACGTCTGAACTCCAGTCA; Type: regular 3'; Length: 33; Trimmed: 40614 times.

No. of allowed errors:
0-9 bp: 0; 10-19 bp: 1; 20-29 bp: 2; 30-33 bp: 3

Bases preceding removed adapters:
  A: 28.0%
  C: 31.5%
  G: 29.8%
  T: 10.6%
  none/other: 0.0%

Overview of removed sequences
length	count	expect	max.err	error counts
3	22921	16428.4	0	22921
4	5617	4107.1	0	5617
5	2757	1026.8	0	2757
6	1434	256.7	0	1434
7	1138	64.2	0	1138
8	1021	16.0	0	1021
9	840	4.0	0	793 47
10	757	1.0	1	651 106
11	651	0.3	1	569 82
12	509	0.1	1	460 49
13	443	0.0	1	387 56
14	351	0.0	1	306 45
15	279	0.0	1	237 42
16	247	0.0	1	218 29
17	219	0.0	1	197 22
18	163	0.0	1	147 15 1
19	126	0.0	1	100 24 2
20	97	0.0	2	78 15 4
21	117	0.0	2	100 14 3
22	70	0.0	2	55 11 4
23	40	0.0	2	28 7 5
24	58	0.0	2	49 8 1
25	38	0.0	2	30 3 5
26	40	0.0	2	32 6 2
27	29	0.0	2	21 6 2
28	44	0.0	2	34 6 3 1
29	37	0.0	2	29 5 1 2
30	39	0.0	3	32 4 2 1
31	25	0.0	3	16 7 0 2
32	28	0.0	3	21 4 3
33	15	0.0	3	11 3 0 1
34	9	0.0	3	7 1 0 1
35	33	0.0	3	28 4 1
36	18	0.0	3	13 2 2 1
37	18	0.0	3	13 3 2
38	10	0.0	3	6 2 1 1
39	20	0.0	3	16 1 0 3
40	8	0.0	3	5 3
41	13	0.0	3	8 5
42	11	0.0	3	5 4 1 1
43	13	0.0	3	12 0 1
44	13	0.0	3	8 3 1 1
45	10	0.0	3	10
46	6	0.0	3	4 1 1
47	8	0.0	3	5 2 1
48	5	0.0	3	3 2
49	8	0.0	3	6 1 0 1
50	10	0.0	3	7 2 1
51	2	0.0	3	2
52	9	0.0	3	8 1
53	4	0.0	3	3 0 1
54	10	0.0	3	10
55	5	0.0	3	5
56	4	0.0	3	3 0 1
57	7	0.0	3	5 1 0 1
58	8	0.0	3	7 1
59	5	0.0	3	2 1 0 2
60	10	0.0	3	6 2 2
61	3	0.0	3	2 0 0 1
62	7	0.0	3	4 2 1
63	4	0.0	3	4
64	5	0.0	3	3 2
65	2	0.0	3	1 1
66	3	0.0	3	1 0 1 1
67	10	0.0	3	5 2 1 2
68	5	0.0	3	4 0 0 1
69	4	0.0	3	2 1 1
70	6	0.0	3	6
71	12	0.0	3	8 1 2 1
72	8	0.0	3	6 2
73	9	0.0	3	6 1 0 2
74	9	0.0	3	6 1 1 1
75	7	0.0	3	4 1 0 2
76	13	0.0	3	8 2 3
77	8	0.0	3	4 2 2
78	9	0.0	3	6 0 2 1
79	22	0.0	3	15 2 2 3
80	18	0.0	3	13 3 2
81	6	0.0	3	1 0 3 2
86	1	0.0	3	0 0 1
100	16	0.0	3	0 13 2 1

=== Second read: Adapter 2 ===

Sequence: AGATCGGAAGAGCGTCGTGTAGGGAAAGAGTGT; Type: regular 3'; Length: 33; Trimmed: 38761 times.

No. of allowed errors:
0-9 bp: 0; 10-19 bp: 1; 20-29 bp: 2; 30-33 bp: 3

Bases preceding removed adapters:
  A: 28.6%
  C: 30.9%
  G: 29.0%
  T: 11.4%
  none/other: 0.0%

Overview of removed sequences
length	count	expect	max.err	error counts
3	21924	16428.4	0	21924
4	5390	4107.1	0	5390
5	2607	1026.8	0	2607
6	1371	256.7	0	1371
7	1103	64.2	0	1103
8	962	16.0	0	962
9	797	4.0	0	756 41
10	714	1.0	1	615 99
11	632	0.3	1	528 104
12	484	0.1	1	423 61
13	421	0.0	1	362 59
14	340	0.0	1	290 50
15	259	0.0	1	210 49
16	240	0.0	1	204 36
17	203	0.0	1	178 25
18	153	0.0	1	118 35
19	116	0.0	1	101 15
20	88	0.0	2	70 7 11
21	115	0.0	2	78 28 9
22	69	0.0	2	59 5 5
23	44	0.0	2	34 7 3
24	55	0.0	2	41 11 3
25	36	0.0	2	31 4 1
26	37	0.0	2	22 12 3
27	28	0.0	2	17 9 2
28	40	0.0	2	31 6 3
29	39	0.0	2	31 4 4
30	36	0.0	3	25 5 2 4
31	25	0.0	3	7 14 3 1
32	26	0.0	3	13 6 7
33	13	0.0	3	4 4 4 1
34	8	0.0	3	5 2 1
35	31	0.0	3	19 8 3 1
36	17	0.0	3	5 6 4 2
37	14	0.0	3	8 5 1
38	10	0.0	3	6 2 1 1
39	18	0.0	3	11 4 2 1
40	7	0.0	3	4 3
41	13	0.0	3	10 1 0 2
42	12	0.0	3	6 4 0 2
43	11	0.0	3	7 3 0 1
44	12	0.0	3	7 2 2 1
45	9	0.0	3	8 1
46	7	0.0	3	3 2 1 1
47	7	0.0	3	4 1 2
48	7	0.0	3	4 3
49	7	0.0	3	5 2
50	10	0.0	3	7 2 1
51	3	0.0	3	3
52	8	0.0	3	4 2 2
53	9	0.0	3	3 4 1 1
54	11	0.0	3	10 1
55	5	0.0	3	4 1
56	2	0.0	3	2
57	6	0.0	3	6
58	9	0.0	3	5 3 1
59	2	0.0	3	2
60	6	0.0	3	5 0 0 1
61	4	0.0	3	1 1 2
62	7	0.0	3	4 2 0 1
63	5	0.0	3	2 2 1
64	5	0.0	3	4 1
65	1	0.0	3	1
66	1	0.0	3	1
67	7	0.0	3	3 2 0 2
68	2	0.0	3	2
69	3	0.0	3	3
70	8	0.0	3	5 2 1
71	12	0.0	3	9 1 2
72	6	0.0	3	3 1 1 1
73	7	0.0	3	5 1 1
74	6	0.0	3	5 0 0 1
75	4	0.0	3	2 1 1
76	7	0.0	3	6 1
77	6	0.0	3	3 0 2 1
78	7	0.0	3	4 2 0 1
79	15	0.0	3	10 3 2
80	15	0.0	3	7 4 1 3
81	1	0.0	3	1
90	1	0.0	3	1
100	3	0.0	3	0 0 1 2

