This is cutadapt 1.18 with Python 2.7.17
Command line parameters: -a AGATCGGAAGAGCACACGTCTGAACTCCAGTCA -A AGATCGGAAGAGCGTCGTGTAGGGAAAGAGTGT -o ../trimmed-fastq/CD24Mid-7-R1-trim.fastq.gz -p ../trimmed-fastq/CD24Mid-7-R2-trim.fastq.gz CD24Mid-7-R1.fastq.gz CD24Mid-7-R2.fastq.gz
Processing reads on 1 core in paired-end mode ...
Finished in 173.93 s (82 us/read; 0.73 M reads/minute).

=== Summary ===

Total read pairs processed:          2,115,974
  Read 1 with adapter:                  85,052 (4.0%)
  Read 2 with adapter:                  81,915 (3.9%)
Pairs written (passing filters):     2,115,974 (100.0%)

Total basepairs processed:   423,194,800 bp
  Read 1:   211,597,400 bp
  Read 2:   211,597,400 bp
Total written (filtered):    422,320,322 bp (99.8%)
  Read 1:   211,147,799 bp
  Read 2:   211,172,523 bp

=== First read: Adapter 1 ===

Sequence: AGATCGGAAGAGCACACGTCTGAACTCCAGTCA; Type: regular 3'; Length: 33; Trimmed: 85052 times.

No. of allowed errors:
0-9 bp: 0; 10-19 bp: 1; 20-29 bp: 2; 30-33 bp: 3

Bases preceding removed adapters:
  A: 29.1%
  C: 30.8%
  G: 28.8%
  T: 11.2%
  none/other: 0.1%

Overview of removed sequences
length	count	expect	max.err	error counts
3	47649	33062.1	0	47649
4	12445	8265.5	0	12445
5	5985	2066.4	0	5985
6	2996	516.6	0	2996
7	2520	129.1	0	2520
8	2075	32.3	0	2075
9	1797	8.1	0	1746 51
10	1661	2.0	1	1445 216
11	1359	0.5	1	1171 188
12	1141	0.1	1	1011 130
13	977	0.0	1	846 131
14	801	0.0	1	720 81
15	651	0.0	1	588 63
16	526	0.0	1	463 63
17	425	0.0	1	378 47
18	266	0.0	1	240 25 1
19	207	0.0	1	179 22 6
20	207	0.0	2	163 34 10
21	195	0.0	2	166 25 4
22	135	0.0	2	117 17 1
23	92	0.0	2	83 7 2
24	57	0.0	2	39 13 5
25	57	0.0	2	51 4 2
26	53	0.0	2	42 9 2
27	78	0.0	2	67 7 4
28	73	0.0	2	64 6 3
29	50	0.0	2	42 3 3 2
30	18	0.0	3	14 2 0 2
31	16	0.0	3	11 1 4
32	19	0.0	3	13 5 1
33	23	0.0	3	15 5 1 2
34	19	0.0	3	13 3 0 3
35	48	0.0	3	37 6 4 1
36	15	0.0	3	11 2 2
37	26	0.0	3	20 4 2
38	16	0.0	3	10 5 1
39	15	0.0	3	12 2 0 1
40	18	0.0	3	14 1 2 1
41	15	0.0	3	12 0 0 3
42	10	0.0	3	8 1 1
43	6	0.0	3	6
44	10	0.0	3	8 1 0 1
45	15	0.0	3	12 0 1 2
46	4	0.0	3	3 1
47	6	0.0	3	3 1 1 1
48	6	0.0	3	5 0 0 1
49	6	0.0	3	5 0 1
50	7	0.0	3	5 2
51	10	0.0	3	9 1
52	2	0.0	3	2
53	1	0.0	3	1
54	3	0.0	3	1 0 2
55	4	0.0	3	1 1 1 1
56	2	0.0	3	0 2
57	5	0.0	3	2 2 1
58	5	0.0	3	2 2 1
59	6	0.0	3	2 2 0 2
60	3	0.0	3	2 1
61	6	0.0	3	3 1 1 1
62	2	0.0	3	1 1
63	5	0.0	3	3 1 1
64	4	0.0	3	2 1 1
65	2	0.0	3	1 0 0 1
66	5	0.0	3	4 1
67	3	0.0	3	1 2
68	7	0.0	3	6 1
69	4	0.0	3	3 1
70	3	0.0	3	2 0 1
71	6	0.0	3	6
72	7	0.0	3	5 2
73	6	0.0	3	3 1 0 2
74	8	0.0	3	7 0 0 1
75	7	0.0	3	7
76	10	0.0	3	9 1
77	8	0.0	3	4 2 1 1
78	9	0.0	3	6 3
79	6	0.0	3	5 0 1
80	13	0.0	3	10 2 0 1
81	9	0.0	3	8 0 0 1
82	1	0.0	3	1
83	1	0.0	3	1
100	83	0.0	3	4 56 22 1

=== Second read: Adapter 2 ===

Sequence: AGATCGGAAGAGCGTCGTGTAGGGAAAGAGTGT; Type: regular 3'; Length: 33; Trimmed: 81915 times.

No. of allowed errors:
0-9 bp: 0; 10-19 bp: 1; 20-29 bp: 2; 30-33 bp: 3

Bases preceding removed adapters:
  A: 29.3%
  C: 30.9%
  G: 28.4%
  T: 11.4%
  none/other: 0.0%

Overview of removed sequences
length	count	expect	max.err	error counts
3	46516	33062.1	0	46516
4	11709	8265.5	0	11709
5	5570	2066.4	0	5570
6	2882	516.6	0	2882
7	2391	129.1	0	2391
8	1968	32.3	0	1968
9	1720	8.1	0	1643 77
10	1622	2.0	1	1402 220
11	1308	0.5	1	1075 233
12	1101	0.1	1	994 107
13	935	0.0	1	788 147
14	765	0.0	1	670 95
15	631	0.0	1	520 111
16	511	0.0	1	454 57
17	410	0.0	1	365 45
18	249	0.0	1	194 53 2
19	191	0.0	1	163 26 2
20	205	0.0	2	151 36 18
21	174	0.0	2	131 33 10
22	129	0.0	2	101 22 6
23	91	0.0	2	74 11 6
24	57	0.0	2	41 14 2
25	57	0.0	2	48 5 4
26	52	0.0	2	38 12 2
27	75	0.0	2	64 8 3
28	69	0.0	2	49 12 7 1
29	49	0.0	2	33 11 4 1
30	17	0.0	3	12 1 1 3
31	15	0.0	3	5 7 2 1
32	20	0.0	3	16 1 3
33	22	0.0	3	12 6 1 3
34	17	0.0	3	11 3 1 2
35	41	0.0	3	25 11 5
36	14	0.0	3	10 3 1
37	21	0.0	3	12 5 2 2
38	16	0.0	3	10 4 2
39	16	0.0	3	14 1 0 1
40	17	0.0	3	11 3 1 2
41	13	0.0	3	7 3 2 1
42	9	0.0	3	6 2 1
43	8	0.0	3	4 1 2 1
44	11	0.0	3	3 6 2
45	16	0.0	3	12 3 0 1
46	5	0.0	3	3 1 0 1
47	6	0.0	3	1 3 2
48	5	0.0	3	4 0 0 1
49	7	0.0	3	3 3 0 1
50	6	0.0	3	2 1 2 1
51	10	0.0	3	4 5 1
52	2	0.0	3	1 0 1
53	1	0.0	3	1
54	3	0.0	3	1 1 0 1
55	5	0.0	3	4 1
56	5	0.0	3	4 1
57	1	0.0	3	0 0 1
58	2	0.0	3	2
59	6	0.0	3	5 0 1
60	2	0.0	3	1 1
61	4	0.0	3	3 1
62	1	0.0	3	1
63	8	0.0	3	3 3 1 1
64	6	0.0	3	2 2 1 1
65	4	0.0	3	3 1
66	3	0.0	3	3
67	1	0.0	3	1
68	6	0.0	3	4 1 1
69	3	0.0	3	3
70	2	0.0	3	1 1
71	6	0.0	3	5 1
72	7	0.0	3	6 1
73	6	0.0	3	3 2 0 1
74	6	0.0	3	4 0 0 2
75	13	0.0	3	9 1 3
76	9	0.0	3	9
77	5	0.0	3	4 1
78	10	0.0	3	9 0 0 1
79	10	0.0	3	6 1 1 2
80	13	0.0	3	9 4
81	8	0.0	3	6 2
84	1	0.0	3	1
85	1	0.0	3	0 1
86	1	0.0	3	1
100	5	0.0	3	1 0 2 2

