This is cutadapt 1.18 with Python 2.7.17
Command line parameters: -a AGATCGGAAGAGCACACGTCTGAACTCCAGTCA -A AGATCGGAAGAGCGTCGTGTAGGGAAAGAGTGT -o ../trimmed-fastq/CD24Neg-8-R1-trim.fastq.gz -p ../trimmed-fastq/CD24Neg-8-R2-trim.fastq.gz CD24Neg-8-R1.fastq.gz CD24Neg-8-R2.fastq.gz
Processing reads on 1 core in paired-end mode ...
Finished in 89.63 s (81 us/read; 0.74 M reads/minute).

=== Summary ===

Total read pairs processed:          1,099,892
  Read 1 with adapter:                  44,730 (4.1%)
  Read 2 with adapter:                  43,184 (3.9%)
Pairs written (passing filters):     1,099,892 (100.0%)

Total basepairs processed:   219,978,400 bp
  Read 1:   109,989,200 bp
  Read 2:   109,989,200 bp
Total written (filtered):    219,503,338 bp (99.8%)
  Read 1:   109,745,147 bp
  Read 2:   109,758,191 bp

=== First read: Adapter 1 ===

Sequence: AGATCGGAAGAGCACACGTCTGAACTCCAGTCA; Type: regular 3'; Length: 33; Trimmed: 44730 times.

No. of allowed errors:
0-9 bp: 0; 10-19 bp: 1; 20-29 bp: 2; 30-33 bp: 3

Bases preceding removed adapters:
  A: 28.2%
  C: 31.1%
  G: 29.4%
  T: 11.2%
  none/other: 0.1%

Overview of removed sequences
length	count	expect	max.err	error counts
3	24414	17185.8	0	24414
4	6349	4296.5	0	6349
5	3313	1074.1	0	3313
6	1559	268.5	0	1559
7	1375	67.1	0	1375
8	1104	16.8	0	1104
9	1029	4.2	0	987 42
10	887	1.0	1	754 133
11	747	0.3	1	636 111
12	634	0.1	1	563 71
13	541	0.0	1	480 61
14	472	0.0	1	414 58
15	360	0.0	1	313 47
16	329	0.0	1	278 51
17	332	0.0	1	299 33
18	278	0.0	1	249 27 2
19	185	0.0	1	160 24 1
20	95	0.0	2	83 8 4
21	59	0.0	2	51 7 1
22	46	0.0	2	39 5 2
23	51	0.0	2	42 6 3
24	66	0.0	2	51 11 4
25	47	0.0	2	37 8 2
26	34	0.0	2	25 6 3
27	36	0.0	2	30 6
28	42	0.0	2	36 5 1
29	32	0.0	2	21 8 3
30	27	0.0	3	22 4 1
31	10	0.0	3	8 1 1
32	7	0.0	3	5 1 1
33	12	0.0	3	10 1 1
34	11	0.0	3	5 4 2
35	31	0.0	3	25 5 1
36	10	0.0	3	5 3 1 1
37	3	0.0	3	3
38	3	0.0	3	2 1
39	10	0.0	3	7 2 0 1
40	6	0.0	3	4 1 1
41	6	0.0	3	4 0 2
42	14	0.0	3	12 2
43	7	0.0	3	6 1
44	4	0.0	3	4
45	8	0.0	3	6 2
46	5	0.0	3	5
47	4	0.0	3	1 2 1
48	3	0.0	3	1 1 1
49	4	0.0	3	3 1
50	7	0.0	3	4 1 2
51	4	0.0	3	2 0 1 1
52	4	0.0	3	3 0 0 1
53	3	0.0	3	2 0 1
54	1	0.0	3	1
55	3	0.0	3	1 2
56	4	0.0	3	3 0 1
57	2	0.0	3	1 1
58	1	0.0	3	1
60	2	0.0	3	1 1
61	4	0.0	3	2 1 0 1
63	2	0.0	3	2
64	2	0.0	3	1 1
65	1	0.0	3	0 1
66	1	0.0	3	0 0 1
67	1	0.0	3	0 0 0 1
68	2	0.0	3	1 1
70	3	0.0	3	3
71	6	0.0	3	5 1
72	4	0.0	3	3 0 1
73	2	0.0	3	2
74	4	0.0	3	3 1
75	2	0.0	3	2
76	5	0.0	3	4 0 1
77	2	0.0	3	2
78	10	0.0	3	6 2 1 1
79	4	0.0	3	3 0 0 1
80	9	0.0	3	7 1 1
81	1	0.0	3	1
95	1	0.0	3	0 0 0 1
99	1	0.0	3	0 0 1
100	31	0.0	3	0 25 5 1

=== Second read: Adapter 2 ===

Sequence: AGATCGGAAGAGCGTCGTGTAGGGAAAGAGTGT; Type: regular 3'; Length: 33; Trimmed: 43184 times.

No. of allowed errors:
0-9 bp: 0; 10-19 bp: 1; 20-29 bp: 2; 30-33 bp: 3

Bases preceding removed adapters:
  A: 28.0%
  C: 31.3%
  G: 29.3%
  T: 11.4%
  none/other: 0.0%

Overview of removed sequences
length	count	expect	max.err	error counts
3	23957	17185.8	0	23957
4	6004	4296.5	0	6004
5	3017	1074.1	0	3017
6	1532	268.5	0	1532
7	1295	67.1	0	1295
8	1073	16.8	0	1073
9	974	4.2	0	929 45
10	864	1.0	1	735 129
11	730	0.3	1	606 124
12	611	0.1	1	536 75
13	524	0.0	1	444 80
14	459	0.0	1	408 51
15	329	0.0	1	265 64
16	319	0.0	1	263 56
17	319	0.0	1	296 23
18	253	0.0	1	187 65 1
19	179	0.0	1	147 31 1
20	93	0.0	2	73 13 7
21	60	0.0	2	37 20 3
22	45	0.0	2	29 12 4
23	46	0.0	2	29 13 4
24	64	0.0	2	48 12 4
25	46	0.0	2	36 5 5
26	30	0.0	2	22 6 2
27	31	0.0	2	25 5 1
28	40	0.0	2	28 9 3
29	29	0.0	2	16 9 2 2
30	26	0.0	3	18 6 1 1
31	9	0.0	3	1 5 3
32	5	0.0	3	4 0 1
33	10	0.0	3	4 3 1 2
34	10	0.0	3	7 2 1
35	30	0.0	3	19 10 1
36	9	0.0	3	5 1 1 2
37	3	0.0	3	2 1
38	3	0.0	3	1 2
39	9	0.0	3	4 3 1 1
40	9	0.0	3	2 3 2 2
41	5	0.0	3	1 4
42	11	0.0	3	7 3 1
43	7	0.0	3	4 3
44	4	0.0	3	3 1
45	9	0.0	3	4 1 3 1
46	3	0.0	3	3
47	4	0.0	3	2 0 0 2
48	5	0.0	3	2 1 0 2
49	2	0.0	3	1 1
50	7	0.0	3	4 2 1
51	1	0.0	3	0 0 1
52	4	0.0	3	3 0 1
53	2	0.0	3	1 1
54	2	0.0	3	0 2
55	2	0.0	3	0 1 1
56	4	0.0	3	2 1 1
58	3	0.0	3	2 0 0 1
59	1	0.0	3	1
60	2	0.0	3	2
61	3	0.0	3	2 0 0 1
63	3	0.0	3	1 1 1
64	4	0.0	3	2 2
65	1	0.0	3	0 1
68	2	0.0	3	1 0 0 1
69	1	0.0	3	1
70	2	0.0	3	1 1
71	6	0.0	3	5 0 1
72	3	0.0	3	3
73	3	0.0	3	2 1
74	2	0.0	3	1 0 1
75	3	0.0	3	1 1 0 1
76	5	0.0	3	4 1
77	1	0.0	3	1
78	7	0.0	3	6 1
79	3	0.0	3	3
80	7	0.0	3	3 2 2
81	2	0.0	3	1 0 0 1
85	1	0.0	3	1
100	1	0.0	3	0 1

