This is cutadapt 1.18 with Python 2.7.17
Command line parameters: -a AGATCGGAAGAGCACACGTCTGAACTCCAGTCA -A AGATCGGAAGAGCGTCGTGTAGGGAAAGAGTGT -o ../trimmed-fastq/CD24Mid-3-R1-trim.fastq.gz -p ../trimmed-fastq/CD24Mid-3-R2-trim.fastq.gz CD24Mid-3-R1.fastq.gz CD24Mid-3-R2.fastq.gz
Processing reads on 1 core in paired-end mode ...
Finished in 157.63 s (82 us/read; 0.73 M reads/minute).

=== Summary ===

Total read pairs processed:          1,930,800
  Read 1 with adapter:                  75,975 (3.9%)
  Read 2 with adapter:                  73,223 (3.8%)
Pairs written (passing filters):     1,930,800 (100.0%)

Total basepairs processed:   386,160,000 bp
  Read 1:   193,080,000 bp
  Read 2:   193,080,000 bp
Total written (filtered):    385,404,347 bp (99.8%)
  Read 1:   192,692,984 bp
  Read 2:   192,711,363 bp

=== First read: Adapter 1 ===

Sequence: AGATCGGAAGAGCACACGTCTGAACTCCAGTCA; Type: regular 3'; Length: 33; Trimmed: 75975 times.

No. of allowed errors:
0-9 bp: 0; 10-19 bp: 1; 20-29 bp: 2; 30-33 bp: 3

Bases preceding removed adapters:
  A: 29.6%
  C: 30.3%
  G: 29.1%
  T: 11.0%
  none/other: 0.0%

Overview of removed sequences
length	count	expect	max.err	error counts
3	43266	30168.8	0	43266
4	11204	7542.2	0	11204
5	5422	1885.5	0	5422
6	2697	471.4	0	2697
7	2176	117.8	0	2176
8	1918	29.5	0	1918
9	1502	7.4	0	1452 50
10	1332	1.8	1	1179 153
11	1195	0.5	1	1035 160
12	967	0.1	1	870 97
13	757	0.0	1	673 84
14	697	0.0	1	621 76
15	550	0.0	1	475 75
16	392	0.0	1	338 54
17	334	0.0	1	305 29
18	209	0.0	1	188 21
19	204	0.0	1	173 30 1
20	159	0.0	2	131 20 8
21	118	0.0	2	102 14 2
22	94	0.0	2	68 20 6
23	40	0.0	2	33 4 3
24	47	0.0	2	35 9 3
25	40	0.0	2	33 5 2
26	61	0.0	2	49 7 5
27	60	0.0	2	47 6 7
28	47	0.0	2	43 1 3
29	39	0.0	2	30 6 2 1
30	18	0.0	3	17 0 0 1
31	11	0.0	3	7 2 2
32	13	0.0	3	10 2 1
33	10	0.0	3	6 3 1
34	21	0.0	3	16 3 1 1
35	37	0.0	3	30 5 1 1
36	29	0.0	3	19 9 1
37	8	0.0	3	8
38	14	0.0	3	12 1 1
39	18	0.0	3	15 2 1
40	10	0.0	3	8 0 1 1
41	15	0.0	3	12 3
42	11	0.0	3	9 1 1
43	12	0.0	3	9 1 2
44	4	0.0	3	4
45	10	0.0	3	10
46	17	0.0	3	13 4
47	8	0.0	3	5 1 1 1
48	6	0.0	3	3 2 1
49	7	0.0	3	5 2
50	4	0.0	3	2 1 0 1
51	2	0.0	3	1 0 1
52	3	0.0	3	2 1
54	4	0.0	3	3 1
55	5	0.0	3	3 2
56	6	0.0	3	5 0 1
57	3	0.0	3	2 0 1
58	2	0.0	3	1 1
59	3	0.0	3	3
60	4	0.0	3	3 1
61	2	0.0	3	2
62	2	0.0	3	2
63	2	0.0	3	2
64	5	0.0	3	4 1
65	4	0.0	3	4
66	2	0.0	3	0 1 1
67	3	0.0	3	3
68	3	0.0	3	2 0 0 1
69	3	0.0	3	2 1
70	5	0.0	3	4 1
71	5	0.0	3	3 0 2
72	10	0.0	3	8 2
73	8	0.0	3	7 1
74	6	0.0	3	5 1
75	6	0.0	3	4 1 1
76	10	0.0	3	9 1
77	7	0.0	3	5 0 2
78	2	0.0	3	2
79	6	0.0	3	6
80	10	0.0	3	7 2 0 1
81	2	0.0	3	2
86	1	0.0	3	0 0 0 1
100	29	0.0	3	1 21 6 1

=== Second read: Adapter 2 ===

Sequence: AGATCGGAAGAGCGTCGTGTAGGGAAAGAGTGT; Type: regular 3'; Length: 33; Trimmed: 73223 times.

No. of allowed errors:
0-9 bp: 0; 10-19 bp: 1; 20-29 bp: 2; 30-33 bp: 3

Bases preceding removed adapters:
  A: 30.1%
  C: 30.2%
  G: 28.4%
  T: 11.3%
  none/other: 0.0%

Overview of removed sequences
length	count	expect	max.err	error counts
3	42255	30168.8	0	42255
4	10537	7542.2	0	10537
5	5008	1885.5	0	5008
6	2597	471.4	0	2597
7	2090	117.8	0	2090
8	1835	29.5	0	1835
9	1418	7.4	0	1364 54
10	1316	1.8	1	1125 191
11	1144	0.5	1	961 183
12	938	0.1	1	847 91
13	732	0.0	1	628 104
14	667	0.0	1	600 67
15	518	0.0	1	403 115
16	371	0.0	1	311 60
17	320	0.0	1	278 42
18	201	0.0	1	156 44 1
19	200	0.0	1	166 33 1
20	156	0.0	2	111 22 23
21	112	0.0	2	80 26 6
22	95	0.0	2	72 17 6
23	39	0.0	2	32 6 1
24	44	0.0	2	31 10 3
25	39	0.0	2	31 5 3
26	59	0.0	2	48 10 1
27	55	0.0	2	42 10 3
28	45	0.0	2	31 9 4 1
29	35	0.0	2	26 6 1 2
30	17	0.0	3	10 5 1 1
31	11	0.0	3	3 7 0 1
32	13	0.0	3	6 5 2
33	11	0.0	3	6 2 2 1
34	18	0.0	3	12 3 2 1
35	37	0.0	3	27 6 2 2
36	29	0.0	3	19 8 1 1
37	8	0.0	3	8
38	14	0.0	3	7 5 1 1
39	16	0.0	3	6 7 2 1
40	12	0.0	3	7 3 0 2
41	13	0.0	3	9 4
42	11	0.0	3	7 3 1
43	12	0.0	3	8 1 0 3
44	3	0.0	3	2 1
45	7	0.0	3	5 0 1 1
46	14	0.0	3	10 3 0 1
47	9	0.0	3	7 1 1
48	5	0.0	3	3 2
49	6	0.0	3	3 3
50	7	0.0	3	5 1 1
51	3	0.0	3	1 2
52	2	0.0	3	2
53	1	0.0	3	1
54	4	0.0	3	2 1 1
55	6	0.0	3	4 0 1 1
56	6	0.0	3	3 2 0 1
57	5	0.0	3	3 1 1
58	2	0.0	3	0 2
59	7	0.0	3	4 0 1 2
60	1	0.0	3	1
61	3	0.0	3	1 1 1
62	2	0.0	3	2
63	2	0.0	3	1 1
64	5	0.0	3	1 3 1
65	5	0.0	3	3 2
66	1	0.0	3	1
67	2	0.0	3	2
69	2	0.0	3	0 2
70	7	0.0	3	5 1 0 1
71	4	0.0	3	2 1 1
72	9	0.0	3	7 1 0 1
73	4	0.0	3	3 0 0 1
74	4	0.0	3	4
75	4	0.0	3	2 1 1
76	9	0.0	3	4 3 1 1
77	3	0.0	3	3
78	2	0.0	3	0 2
79	5	0.0	3	3 2
80	8	0.0	3	7 1
81	3	0.0	3	2 1
82	1	0.0	3	0 1
83	1	0.0	3	0 1
100	1	0.0	3	0 0 1

