This is cutadapt 1.18 with Python 2.7.17
Command line parameters: -a AGATCGGAAGAGCACACGTCTGAACTCCAGTCA -A AGATCGGAAGAGCGTCGTGTAGGGAAAGAGTGT -o ../trimmed-fastq/CD24Neg-6-R1-trim.fastq.gz -p ../trimmed-fastq/CD24Neg-6-R2-trim.fastq.gz CD24Neg-6-R1.fastq.gz CD24Neg-6-R2.fastq.gz
Processing reads on 1 core in paired-end mode ...
Finished in 138.18 s (83 us/read; 0.72 M reads/minute).

=== Summary ===

Total read pairs processed:          1,657,198
  Read 1 with adapter:                  62,752 (3.8%)
  Read 2 with adapter:                  60,855 (3.7%)
Pairs written (passing filters):     1,657,198 (100.0%)

Total basepairs processed:   331,439,600 bp
  Read 1:   165,719,800 bp
  Read 2:   165,719,800 bp
Total written (filtered):    330,809,256 bp (99.8%)
  Read 1:   165,398,165 bp
  Read 2:   165,411,091 bp

=== First read: Adapter 1 ===

Sequence: AGATCGGAAGAGCACACGTCTGAACTCCAGTCA; Type: regular 3'; Length: 33; Trimmed: 62752 times.

No. of allowed errors:
0-9 bp: 0; 10-19 bp: 1; 20-29 bp: 2; 30-33 bp: 3

Bases preceding removed adapters:
  A: 28.5%
  C: 31.4%
  G: 28.8%
  T: 11.3%
  none/other: 0.0%

Overview of removed sequences
length	count	expect	max.err	error counts
3	36342	25893.7	0	36342
4	8890	6473.4	0	8890
5	4315	1618.4	0	4315
6	1984	404.6	0	1984
7	1765	101.1	0	1765
8	1435	25.3	0	1435
9	1248	6.3	0	1187 61
10	1151	1.6	1	981 170
11	969	0.4	1	850 119
12	824	0.1	1	736 88
13	680	0.0	1	602 78
14	592	0.0	1	511 81
15	466	0.0	1	404 62
16	367	0.0	1	313 54
17	275	0.0	1	239 36
18	213	0.0	1	183 29 1
19	154	0.0	1	126 24 4
20	176	0.0	2	151 18 7
21	110	0.0	2	92 13 5
22	71	0.0	2	53 12 6
23	37	0.0	2	30 3 4
24	52	0.0	2	46 5 1
25	74	0.0	2	64 9 1
26	86	0.0	2	68 15 3
27	49	0.0	2	39 7 3
28	27	0.0	2	22 2 3
29	33	0.0	2	25 7 1
30	21	0.0	3	16 4 1
31	15	0.0	3	8 4 1 2
32	18	0.0	3	12 6
33	2	0.0	3	1 0 1
34	12	0.0	3	9 1 1 1
35	42	0.0	3	31 8 2 1
36	19	0.0	3	13 4 1 1
37	9	0.0	3	8 0 1
38	9	0.0	3	6 2 1
39	18	0.0	3	14 2 1 1
40	10	0.0	3	7 2 0 1
41	8	0.0	3	8
42	12	0.0	3	11 1
43	9	0.0	3	8 1
44	14	0.0	3	12 1 0 1
45	6	0.0	3	3 0 2 1
46	3	0.0	3	2 1
47	1	0.0	3	1
48	7	0.0	3	3 1 2 1
49	4	0.0	3	3 0 1
50	9	0.0	3	8 1
51	2	0.0	3	2
52	1	0.0	3	1
53	2	0.0	3	1 1
54	3	0.0	3	3
55	2	0.0	3	2
56	2	0.0	3	2
57	4	0.0	3	2 1 1
58	2	0.0	3	0 1 0 1
59	2	0.0	3	2
60	3	0.0	3	3
61	3	0.0	3	2 0 0 1
62	1	0.0	3	1
63	2	0.0	3	1 1
64	2	0.0	3	2
65	1	0.0	3	1
66	2	0.0	3	2
67	2	0.0	3	2
68	1	0.0	3	1
69	8	0.0	3	5 2 1
71	3	0.0	3	2 0 1
72	3	0.0	3	2 0 0 1
73	3	0.0	3	3
74	4	0.0	3	2 0 1 1
75	3	0.0	3	3
76	2	0.0	3	1 1
77	4	0.0	3	3 1
78	8	0.0	3	6 1 1
79	3	0.0	3	3
80	3	0.0	3	2 1
81	9	0.0	3	5 1 0 3
82	1	0.0	3	1
83	1	0.0	3	1
100	27	0.0	3	1 17 7 2

=== Second read: Adapter 2 ===

Sequence: AGATCGGAAGAGCGTCGTGTAGGGAAAGAGTGT; Type: regular 3'; Length: 33; Trimmed: 60855 times.

No. of allowed errors:
0-9 bp: 0; 10-19 bp: 1; 20-29 bp: 2; 30-33 bp: 3

Bases preceding removed adapters:
  A: 28.1%
  C: 31.5%
  G: 28.7%
  T: 11.7%
  none/other: 0.0%

Overview of removed sequences
length	count	expect	max.err	error counts
3	35912	25893.7	0	35912
4	8302	6473.4	0	8302
5	3952	1618.4	0	3952
6	1915	404.6	0	1915
7	1703	101.1	0	1703
8	1374	25.3	0	1374
9	1208	6.3	0	1146 62
10	1119	1.6	1	947 172
11	921	0.4	1	769 152
12	801	0.1	1	711 90
13	649	0.0	1	538 111
14	568	0.0	1	484 84
15	436	0.0	1	360 76
16	342	0.0	1	301 41
17	261	0.0	1	239 22
18	207	0.0	1	149 57 1
19	149	0.0	1	128 21
20	171	0.0	2	135 19 17
21	106	0.0	2	65 33 8
22	62	0.0	2	50 9 3
23	33	0.0	2	27 4 2
24	51	0.0	2	46 5
25	71	0.0	2	52 15 4
26	87	0.0	2	62 17 8
27	48	0.0	2	36 11 1
28	26	0.0	2	20 4 2
29	33	0.0	2	20 7 5 1
30	21	0.0	3	18 1 1 1
31	16	0.0	3	2 7 5 2
32	18	0.0	3	11 5 1 1
33	1	0.0	3	0 1
34	10	0.0	3	7 3
35	39	0.0	3	17 17 5
36	20	0.0	3	9 6 5
37	10	0.0	3	6 3 1
38	11	0.0	3	5 5 0 1
39	20	0.0	3	15 5
40	9	0.0	3	5 3 1
41	7	0.0	3	4 1 1 1
42	11	0.0	3	6 3 2
43	10	0.0	3	7 1 2
44	15	0.0	3	9 4 1 1
45	5	0.0	3	3 1 0 1
46	4	0.0	3	2 0 0 2
47	1	0.0	3	1
48	5	0.0	3	2 3
49	3	0.0	3	3
50	7	0.0	3	7
51	2	0.0	3	1 0 0 1
52	1	0.0	3	1
53	2	0.0	3	0 0 2
54	5	0.0	3	2 1 2
55	1	0.0	3	1
56	3	0.0	3	1 1 1
57	4	0.0	3	3 0 1
58	3	0.0	3	1 1 1
59	3	0.0	3	3
60	4	0.0	3	3 0 0 1
61	4	0.0	3	1 1 1 1
62	2	0.0	3	0 1 0 1
63	4	0.0	3	2 1 1
64	5	0.0	3	3 0 1 1
65	2	0.0	3	1 0 1
66	3	0.0	3	1 1 0 1
67	2	0.0	3	1 0 0 1
68	2	0.0	3	1 1
69	6	0.0	3	5 1
70	1	0.0	3	1
71	2	0.0	3	2
72	5	0.0	3	3 1 1
73	3	0.0	3	0 2 1
75	4	0.0	3	2 1 1
76	2	0.0	3	2
77	4	0.0	3	4
78	7	0.0	3	6 0 0 1
79	2	0.0	3	2
80	3	0.0	3	1 0 2
81	6	0.0	3	5 1
83	1	0.0	3	1
90	1	0.0	3	0 0 1
93	1	0.0	3	0 0 1
100	5	0.0	3	0 0 1 4

