This is cutadapt 1.18 with Python 2.7.17
Command line parameters: -a AGATCGGAAGAGCACACGTCTGAACTCCAGTCA -A AGATCGGAAGAGCGTCGTGTAGGGAAAGAGTGT -o ../trimmed-fastq/CD24Neg-2-R1-trim.fastq.gz -p ../trimmed-fastq/CD24Neg-2-R2-trim.fastq.gz CD24Neg-2-R1.fastq.gz CD24Neg-2-R2.fastq.gz
Processing reads on 1 core in paired-end mode ...
Finished in 78.89 s (79 us/read; 0.75 M reads/minute).

=== Summary ===

Total read pairs processed:            992,385
  Read 1 with adapter:                  37,884 (3.8%)
  Read 2 with adapter:                  36,769 (3.7%)
Pairs written (passing filters):       992,385 (100.0%)

Total basepairs processed:   198,477,000 bp
  Read 1:    99,238,500 bp
  Read 2:    99,238,500 bp
Total written (filtered):    198,097,520 bp (99.8%)
  Read 1:    99,044,125 bp
  Read 2:    99,053,395 bp

=== First read: Adapter 1 ===

Sequence: AGATCGGAAGAGCACACGTCTGAACTCCAGTCA; Type: regular 3'; Length: 33; Trimmed: 37884 times.

No. of allowed errors:
0-9 bp: 0; 10-19 bp: 1; 20-29 bp: 2; 30-33 bp: 3

Bases preceding removed adapters:
  A: 28.3%
  C: 31.1%
  G: 29.6%
  T: 11.0%
  none/other: 0.1%

Overview of removed sequences
length	count	expect	max.err	error counts
3	21206	15506.0	0	21206
4	5353	3876.5	0	5353
5	2768	969.1	0	2768
6	1460	242.3	0	1460
7	1159	60.6	0	1159
8	998	15.1	0	998
9	870	3.8	0	832 38
10	791	0.9	1	696 95
11	569	0.2	1	481 88
12	516	0.1	1	472 44
13	480	0.0	1	435 45
14	373	0.0	1	312 61
15	286	0.0	1	249 37
16	245	0.0	1	199 46
17	212	0.0	1	185 27
18	73	0.0	1	62 11
19	56	0.0	1	48 6 2
20	56	0.0	2	48 6 2
21	54	0.0	2	46 8
22	40	0.0	2	31 6 3
23	18	0.0	2	10 6 2
24	13	0.0	2	10 1 2
25	17	0.0	2	13 3 1
26	19	0.0	2	10 5 4
27	25	0.0	2	19 3 3
28	10	0.0	2	7 2 1
29	6	0.0	2	5 1
30	3	0.0	3	2 1
31	3	0.0	3	3
32	6	0.0	3	6
33	11	0.0	3	7 3 0 1
34	10	0.0	3	9 1
35	19	0.0	3	15 3 0 1
36	7	0.0	3	5 0 2
37	10	0.0	3	9 0 0 1
38	9	0.0	3	8 1
39	13	0.0	3	4 5 2 2
40	7	0.0	3	5 0 1 1
41	7	0.0	3	6 0 1
42	2	0.0	3	1 0 1
43	6	0.0	3	3 3
44	2	0.0	3	2
45	6	0.0	3	6
46	4	0.0	3	3 1
47	1	0.0	3	1
48	6	0.0	3	3 2 0 1
49	1	0.0	3	0 0 1
50	5	0.0	3	2 0 0 3
51	1	0.0	3	1
52	3	0.0	3	2 1
53	3	0.0	3	1 1 1
55	2	0.0	3	2
56	4	0.0	3	1 1 1 1
57	1	0.0	3	0 1
58	1	0.0	3	0 0 0 1
59	3	0.0	3	1 1 0 1
60	2	0.0	3	0 1 0 1
61	1	0.0	3	1
63	2	0.0	3	1 1
64	1	0.0	3	0 0 0 1
65	1	0.0	3	0 1
69	1	0.0	3	0 0 0 1
70	1	0.0	3	1
71	1	0.0	3	1
72	2	0.0	3	2
74	1	0.0	3	1
75	5	0.0	3	4 0 1
76	4	0.0	3	2 1 0 1
77	5	0.0	3	3 1 1
78	2	0.0	3	1 1
79	1	0.0	3	1
80	2	0.0	3	2
81	1	0.0	3	1
100	22	0.0	3	1 15 5 1

=== Second read: Adapter 2 ===

Sequence: AGATCGGAAGAGCGTCGTGTAGGGAAAGAGTGT; Type: regular 3'; Length: 33; Trimmed: 36769 times.

No. of allowed errors:
0-9 bp: 0; 10-19 bp: 1; 20-29 bp: 2; 30-33 bp: 3

Bases preceding removed adapters:
  A: 28.3%
  C: 31.8%
  G: 28.9%
  T: 11.0%
  none/other: 0.0%

Overview of removed sequences
length	count	expect	max.err	error counts
3	20921	15506.0	0	20921
4	5058	3876.5	0	5058
5	2632	969.1	0	2632
6	1389	242.3	0	1389
7	1129	60.6	0	1129
8	962	15.1	0	962
9	805	3.8	0	765 40
10	780	0.9	1	670 110
11	544	0.2	1	433 111
12	496	0.1	1	444 52
13	452	0.0	1	391 61
14	368	0.0	1	328 40
15	273	0.0	1	213 60
16	233	0.0	1	197 36
17	188	0.0	1	167 21
18	68	0.0	1	49 18 1
19	55	0.0	1	39 16
20	50	0.0	2	41 6 3
21	46	0.0	2	32 10 4
22	41	0.0	2	32 7 2
23	18	0.0	2	11 6 1
24	13	0.0	2	10 3
25	18	0.0	2	13 4 1
26	18	0.0	2	9 8 1
27	21	0.0	2	12 5 4
28	9	0.0	2	3 5 1
29	8	0.0	2	7 0 0 1
30	4	0.0	3	2 0 2
31	4	0.0	3	0 2 1 1
32	7	0.0	3	2 3 2
33	6	0.0	3	3 0 1 2
34	9	0.0	3	2 4 1 2
35	17	0.0	3	10 6 1
36	6	0.0	3	3 3
37	9	0.0	3	4 3 1 1
38	10	0.0	3	8 1 0 1
39	10	0.0	3	7 1 1 1
40	6	0.0	3	2 2 1 1
41	7	0.0	3	3 1 0 3
42	2	0.0	3	0 1 0 1
43	6	0.0	3	3 2 1
44	1	0.0	3	1
45	7	0.0	3	6 1
46	5	0.0	3	3 1 1
47	1	0.0	3	1
48	3	0.0	3	2 1
49	1	0.0	3	0 0 1
50	3	0.0	3	1 1 1
51	1	0.0	3	0 1
52	1	0.0	3	0 0 1
53	4	0.0	3	1 1 0 2
55	3	0.0	3	2 1
56	3	0.0	3	3
57	1	0.0	3	1
58	1	0.0	3	1
59	2	0.0	3	2
60	1	0.0	3	0 1
61	2	0.0	3	1 1
62	1	0.0	3	0 0 0 1
63	1	0.0	3	1
64	1	0.0	3	0 1
67	1	0.0	3	0 0 1
69	2	0.0	3	0 1 0 1
70	1	0.0	3	1
72	2	0.0	3	1 0 1
74	1	0.0	3	1
75	5	0.0	3	5
76	2	0.0	3	1 1
77	3	0.0	3	3
78	2	0.0	3	0 2
79	1	0.0	3	1
80	3	0.0	3	1 0 0 2
81	2	0.0	3	1 1
90	1	0.0	3	1
93	1	0.0	3	1
100	1	0.0	3	0 0 1

